[gd_scene load_steps=5 format=3 uid="uid://cu57thl5ye5ar"]

[ext_resource type="Script" uid="uid://554y4tgq2and" path="res://entities/player/scripts/weapon_container.gd" id="1_mmgq4"]
[ext_resource type="Script" uid="uid://daaofh21obc1c" path="res://entities/player/scripts/overlay_scaling.gd" id="2_y7kqc"]
[ext_resource type="PackedScene" uid="uid://cqei3rltlbr60" path="res://entities/player/scripts/weapons/glock-00/model/glock-00-model.tscn" id="3_o18xw"]
[ext_resource type="PackedScene" uid="uid://bhd34rubihr6a" path="res://entities/player/scripts/weapons/fists/folder/fists.tscn" id="4_1nh8t"]

[node name="weaponContainer" type="SubViewportContainer"]
anchors_preset = 15
anchor_right = 1.0
anchor_bottom = 1.0
grow_horizontal = 2
grow_vertical = 2
stretch = true
script = ExtResource("1_mmgq4")

[node name="SubViewport" type="SubViewport" parent="."]
transparent_bg = true
handle_input_locally = false
scaling_3d_scale = 0.25
size = Vector2i(1152, 648)
render_target_update_mode = 4
script = ExtResource("2_y7kqc")

[node name="Container" type="Node3D" parent="SubViewport"]

[node name="Weapons" type="Node3D" parent="SubViewport/Container"]

[node name="right-Weapon" type="Node3D" parent="SubViewport/Container/Weapons"]

[node name="Glock-00-model" parent="SubViewport/Container/Weapons/right-Weapon" instance=ExtResource("3_o18xw")]
transform = Transform3D(-0.163068, 0, 0.986615, 0, 1, 0, -0.986615, 0, -0.163068, 1.11, 1.076, -3)

[node name="Fists" parent="SubViewport/Container/Weapons/right-Weapon" instance=ExtResource("4_1nh8t")]
transform = Transform3D(0.456062, 0.00788703, -0.889913, -0.178366, 0.980481, -0.0827191, 0.871891, 0.196455, 0.448566, 2.30164, 0.801256, -0.78225)
visible = false

[node name="left-Weapon" type="Node3D" parent="SubViewport/Container/Weapons"]

[node name="Glock-00-model" parent="SubViewport/Container/Weapons/left-Weapon" instance=ExtResource("3_o18xw")]
transform = Transform3D(0.163326, 0, 0.986572, 0, 1, 0, -0.986572, 0, 0.163326, -1.11, 1.076, -3)

[node name="Fists" parent="SubViewport/Container/Weapons/left-Weapon" instance=ExtResource("4_1nh8t")]
transform = Transform3D(-0.456689, -0.00865937, -0.889584, -0.178201, 0.980577, 0.0819385, 0.871596, 0.195945, -0.449361, -2.302, 0.801, -0.782)
visible = false

[node name="Camera3D" type="Camera3D" parent="SubViewport/Container"]
transform = Transform3D(1, -3.49151e-05, -0.000339675, 3.5085e-05, 1, 0.000463815, 0.000339657, -0.000463828, 1, 0, 1.6, 0)
cull_mask = 262144
